891
991
1063
55165
10403
6241
11065
29089
990
11004
23594
4288
54443
9232
699
890
2177
55215
2305
10112
9493
3833
64151
5347
9055
7153
22974
9824
259266
6790
113130
55143
983
51514
1894
3832
24137
4085
51203
9088
79801
7083
9319
11130
55723
55010
64946
10036
1111
2146
2175
51659
3148
9585
9735
4001
4175
54892
10733
25886
29893
29127
5902
5983
6491
10460
10293
11169
29028
641
79866
899
993
8317
79019
55839
8208
1164
10212
29980
79980
1869
63979
9837
3015
128239
4172
5111
23649
9401
5982
5984
10535
8914
55055
