741
4261
4233
836
7153
9833
899
9493
84057
347733
23397
983
653820
55655
84722
9184
10383
150468
6792
3833
23310
26118
81610
3014
113457
7076
55143
55355
7280
441052
10051
4085
3835
84914
995
7277
221150
4001
11065
51203
54443
51155
9585
26586
890
10460
1058
5603
5905
9133
5278
7533
83540
2305
22974
6790
440145
54908
1163
51512
9319
699
25886
55789
1063
11137
55632
10615
332
5347
54478
701
55771
3161
7247
9787
1164
56204
220042
57157
79019
6241
55723
7398
10057
114327
2237
113130
29980
2146
100506188
9156
55215
29089
7458
5557
6240
2175
79682
10635
5984
7298
9768
1719
55166
157570
8334
