54443
89839
55723
29028
6790
9212
332
641
699
27101
890
891
9133
9134
9308
991
993
994
995
8318
8317
157313
113130
55143
983
1033
1058
1062
1063
2491
64105
91687
79019
55839
79172
55166
387103
55165
10036
8208
1111
63922
1163
1164
11151
1434
1633
10212
7913
55789
1719
9787
23234
29980
79075
51514
1841
1870
144455
1894
9700
9156
2146
81610
2177
2189
55215
26271
2237
63979
2305
64785
51053
29899
3014
3015
93323
3070
8479
55355
3146
3148
3151
3161
3619
3832
9928
81930
10112
3835
9493
11004
24137
3833
9735
3838
3978
286826
4001
7804
122769
4085
84930
55388
4171
4172
4173
4174
4175
4176
9833
4288
84057
9918
64151
10403
55247
4751
83540
9631
23165
51203
11339
4998
23594
5111
23590
80119
9088
5347
10733
23649
5424
5426
5427
9055
5557
5558
55771
8624
84722
9232
29127
5885
5888
10635
8438
5902
9401
5982
5983
5984
10535
6119
116832
6241
7884
8140
10592
10615
57405
6491
3925
10460
8914
7083
7153
22974
9319
7272
10376
84790
203068
7298
11065
27338
29089
7371
7398
7443
284403
11130
